109983668079237
95082159892680
10165583746
134285251132058
88589569869992
88629929799484
136777090671099
109983668079237
105896604492658
130802284973602
109265489955750
99468092262114
102412140741348
80012589834436
131346454575416
99065555424640
111033478539192
92453406010944
93878094324504
119317534126469
105906030732670
138381251771774
108307565942574
132768306953643
97598239454123
103874780798870
130714469236516
140340279062020
17625359962
89469502395769
4924922222
79546208627805
78515283254292
126884695634066
131623223084840
105355041563819
124036946643543
123817982544102
110808833601416
112641748896693
132343189701959
85245205758607
105281019603659
139937995319383
78724049937437
90390610040462
94672857541034
99122501338948
74610650149986
96947338677734
106233607727051
72368018296371
103253857039288
139695101179060
124472567222144
81235159418740
97598239454123
127329525207941
123359982583543
106281373202161
120867542653750
71550395053745
111931187930990
94468181308977
82524183928567
114234929420007
16154918775
134362540404764
77411063291332
128066522055979
134763881293027
77926988392379
78244645329230
85009197616744
114505446968626
110870176350348
112500097711893
132137188756091
79268393072444
121125129560252
90568084448279
115681808123944
137233438285284
139546619723000
136801880565837
114697347887839
8737899170
98800969324557
125927821145949
125039473548047
109715918987082
87555052900625
99702578544768
13677243412
96891089305948
87274635966213
103523595729946
121864768012064
102541290326733
102072869879193
86368783421928
104693964860826
74193805629461
115864853902965
78177131121429
114640202062357
104339804279870
105215477731035
73385529364801
89494216641846
96070927741281
84332574190497
84259959693333
96045616828790
135882949571046
74064951479219
94702395375549
121326136128491
122526789002601
119678657422781
123959902101040
85186619163672
128696516339161
105626692504093
89072926726733
119342081317820
117229340550226
75888315541325
137069154816703
86601476344689
86614757217732
122889506854558
119271610514030
133788904554041
108344031766098
113303333910928
74214120426784
90695455422761
76337761840610
88635554702891
103050497819513
108831607877777
101834650669197
125563061751446
119795911462450
72212564918217
96746590674104
135400814967885
82316034178302
97161836387733
128664127196115
72856310111722
131374396968630
122368660965179
130010564429795
107600241411943
122159079155610
113212877029523
95803380440443
132195536417465
132016691802922
79983021053282
84495209956667
96553663696738
86754403332185
96718461936155
113909146512320
129422765492183
86923722958577
124835904754111
77526350139691
116676056204169
118595985673212
76903203639722
108053424714724
120942053619534
122848782591951
120135584963579
118468932574946
72078466764195
104390382339128
119526610768617
137925884276740
106947737906872
125306084071551
127590941940388
132894356068775
76838443314175
93574010626258
103874780798870
121017808346258
95712269457211
139214930488518
96280251181127
88728793053496
108767400143329
94048236450391
73156837318710
115566183985403
131073502359683
84907238849255
76137189788863
78711404944596
74380972484955
113508814820816
97940595186229
120647886675879
106306019249059
127458871780090
101949297449238
137835434924805
135729108619936
71223761253924
81384381511872
89493991598704
79315121100812
99108783264633
140097609164562
107646426076756
77406662203591
138710104835749
119270761095926
129559579789369
84776213619757
79657240466394
18227003841
82554996468034
82053147548190
121199058845333
133429348232145
95042363849295
121863161094252
100490989733123
136126967642231
76047323806165
133341016381877
90784570995507
105351862035174
110072090723632
17336513489
96000026513734
125192074113299
99248392277037
111652710278832
140302982046391
78105732598311
90275671691258
129278267561247
17534163435
85167011669131
87633323433630
130249880691619
137372891461203
119529264392781
99416896791343
90235969904609
78647991108436
74716719697996
135721206418347
91203203156283
126595779757040
126061186342944
73642854250217
119715129239364
136919941417380
96574878340154
109908567838703
91632000085637
102932927045764
107314033610469
114349086251135
95223801959482
110627433764494
119987266683883
92875784257090
105094274942273
135529246290923
73296902324416
122739852681807
75646865566926
136066387156306
80234914611737
127496889730779
97528307481736
140063367098641
102990893659741
85742975461677
97365843755210
110334393584385
94416836737659
127742093697776
97588519521161
85273099687207
98033586806203
92994119232066
138384544898173
70959844973091
109638247223218
129894272516762
89343390950953
110373292461174
114710767911422
74442575449267
80368164055187
88207898227053
124124395449044
119466945542043
76152990565183
111989938562194
114357963370524
96151237893653
134879690978154
110500409957016
115852335239914
111199269199811
71812071769179
99386843610967
91342362792031
100623060214384
73518504439978
119579217517090
139269766845542
111092387276032
102309657376267
120384862397780
72465976332322
130997513667177
132577097130042
131068932321596
136407404714539
119548402472251
101905843742027
123005846306980
98789889906928
104199253404256
87980262299482
85218047087436
106215366433722
118457731820001
131791366604550
75934479197288
93724112271596
139992937215031
96169782836983
94459063383613
134374139747297
91381576346874
118706139161864
102112832809556
82793648123321
75842571357198
138048509924404
135782957365335
82381539187865
118331139036727
88829149289682
72877352120437
75815488922020
82890021382517
71011665562350
97931184538536
85177851006073
106045536793365
137372183607049
123671356473270
134951244280326
138154148141431
119133307430116
128038976143374
123213873176964
125055254587561
139217467707445
77691995204147
105519098768025
85059518701538
109533024287077
137723497878181
119793051027322
110655594299978
125211220387959
89735961041679
109133567023483
78178648974959
88653434110678
129697671901275
72185960388291
140000616977753
74974695557833
91220869431113
94780005879799
15656741439
91566483486739
126349562582764
120858322682348
122299247933779
115366784567915
98869396819109
73114021306475
129047994103196
126637757155257
132415148069122
135094773390024
93883679965128
130042225561510
113136379655355
129854327403392
86344132019043
100065393512635
134190049316507
80388068269280
94929240523285
125318146063702
84728475894850
136714016805220
98920421455863
131085226471853
109869911561816
117579798602171
116992225136973
133954025408703
84644870163414
95885904866309
92434932498082
126912844338338
139367151366359
122303856620484
110516593425329
72761157518478
86205947776401
96014424995196
119414503270860
137062508611911
128992777462897
136896756879106
118798992117462
83655481633298
126888557336498
125835196798402
123205087472083
124279603200975
127523901994408
98835118796314
81426320257868
116355586094553
105132112235408
116971639977587
85376564511984
136255418982514
87885005733526
110931811137535
70929371173447
71472667201432
108971149268278
78351202968453
71213902019049
109422846863419
125354959478388
75034791252172
131369783745783
82338709069161
113489516847696
128408186072178
77911580820343
100002279421214
89594664601265
107164501298423
139299356663913
120853105282348
112371649846345
77862067599263
85411355002110
108621352228938
121115797378530
114165615342527
82492536738837
96294583749306
74165515599674
115992117035188
100525547774995
129402307169477
140196070415039
84636138608275
97614359182761
134254731654986
93517363871645
131699487477156
124387865885397
106574281896473
87425630065477
76095088669648
73091492458229
106868320970806
99299148083012
140624411731847
135259578101179
137929219211207
78857630660031
86475239819505
98499755295897
119880288445807
103817032192552
106614355223248
90483645270948
136226194093633
71433436336682
128070523664080
102086898776687
74744614383759
75446710424315
113350714361863
108631717812345
82685183637116
90918665279004
89098125881125
98222775696716
126511632847500
95165540140579
106388080372290
117467879850950
135310639182190
138037653550398
105856394179245
71919479906458
125292795181793
82054415135837
97234852529166
107753480114427
133087178961699
117782023218098
114507117535918
134900709608900
118935320963263
98784878077721
78949013360566
84403699125058
78326551441316
135301339621198
107775822132092
140389387891344
74637189843837
113249840788800
80234405571477
88557677042962
110782171896828
86223718444028
93288579144183
129339925883938
102606536593304
76297618628164
132393662679852
93794424681636
93999763241813
